      Length
0       1550
1         31
2         31
3         31
4         31
5         31
6         31
7         31
8         31
9         31
10        31
11        31
12        31
13        31
14        31
15        31
16        31
17        31
18        31
19        31
20        31
21        31
22        31
23        31
24        31
25        31
26        31
27        31
28        31
29        31
30        31
31        31
32        31
33        93
34        62
35        31
36        31
37        31
38        31
39        31
40        62
41        62
42        93
43        62
44        62
45        31
46        31
47        31
48        31
49        93
50        31
51        31
52        93
53        93
54        62
55        62
56        31
57        31
58       124
59        62
60        31
61        31
62        31
63        31
64        31
65        31
66        93
67        31
68        93
69        62
70        62
71       124
72        31
73        62
74        31
75        62
76        31
77        62
78       124
79        62
80        62
81        62
82        31
83        93
84        31
85        31
86        93
87        93
88        62
89        62
90        62
91        31
92        31
93        62
94        31
95        31
96        31
97        62
98        62
99        93
100       62
101       62
102      186
103       31
104       31
105       62
106       31
107       31
108       31
109       93
110       62
111       62
112       62
113       62
114      155
115       62
116       31
117       62
118       31
119       31
120       62
121       62
122       62
123       62
124       62
125       31
126       31
127       62
128       31
129       31
130       62
131       62
132      155
133       62
134       31
135       93
136       93
137       31
138       31
139       62
140       31
141       31
142       62
143       62
144      155
145       62
146       62
147       62
148       62
149       62
150       62
151       62
152       93
153       31
154       31
155       62
156       31
157       31
158       31
159       62
160       31
161       31
162       31
163       62
164       31
165       62
166       62
167       31
168       31
169       31
170       31
171      124
172       62
173       31
174       62
175       62
176       93
177       31
178       31
179       62
180       31
181       93
182       62
183       62
184       62
185       93
186       31
187      155
188       31
189       31
190      124
191       31
192       31
193       31
194     1581
195       31
196       31
197       31
198       31
199       31
200       31
201       31
202       31
203       31
204       31
205       31
206       31
207       31
208       31
209       31
210       31
211       31
212       31
213       31
214       31
215       31
216       31
217       31
218       31
219       31
220       31
221       31
222       31
223       31
224       31
225       31
226       31
227       93
228       62
229       31
230       31
231       31
232       31
233       31
234       62
235       62
236       93
237       62
238       62
239       31
240       31
241       31
242       31
243       93
244       31
245       31
246       93
247       93
248       62
249       62
250       31
251       31
252      124
253       62
254       31
255       31
256       31
257       31
258       31
259       31
260       93
261       31
262       93
263       62
264       62
265      124
266       31
267       62
268       31
269       62
270       31
271       62
272      124
273       62
274       62
275       62
276       31
277       93
278       31
279       31
280       93
281       93
282       62
283       62
284       62
285       31
286       31
287       62
288       31
289       31
290       31
291       62
292       62
293       93
294       62
295       62
296      186
297       31
298       31
299       62
300       31
301       31
302       31
303       93
304       62
305       62
306       62
307       62
308      155
309       62
310       31
311       62
312       31
313       31
314       62
315       62
316       62
317       62
318       62
319       31
320       31
321       62
322       31
323       31
324       62
325       62
326      155
327       62
328       31
329       93
330       93
331       31
332       31
333       62
334       31
335       31
336       62
337       62
338      155
339       62
340       62
341       62
342       62
343       62
344       62
345       62
346       93
347       31
348       31
349       62
350       31
351       31
352       31
353       62
354       31
355       31
356       31
357       62
358       31
359       62
360       62
361       31
362       31
363       31
364       31
365      124
366       62
367       31
368       62
369       62
370       93
371       31
372       31
373       62
374       31
375       93
376       62
377       62
378       62
379       93
380       31
381      155
382       31
383       31
384      124
385       31
386       31
387       31
388     1581
389       31
390       31
391       31
392       31
393       31
394       31
395       31
396       31
397       31
398       31
399       31
400       31
401       31
402       31
403       31
404       31
405       31
406       31
407       31
408       31
409       31
410       31
411       31
412       31
413       31
414       31
415       31
416       31
417       31
418       31
419       31
420       31
421       93
422       62
423       31
424       31
425       31
426       31
427       31
428       62
429       62
430       93
431       62
432       62
433       31
434       31
435       31
436       31
437       93
438       31
439       31
440       93
441       93
442       62
443       62
444       31
445       31
446      124
447       62
448       31
449       31
450       31
451       31
452       31
453       31
454       93
455       31
456       93
457       62
458       62
459      124
460       31
461       62
462       31
463       62
464       31
465       62
466      124
467       62
468       62
469       62
470       31
471       93
472       31
473       31
474       93
475       93
476       62
477       62
478       62
479       31
480       31
481       62
482       31
483       31
484       31
485       62
486       62
487       93
488       62
489       62
490      186
491       31
492       31
493       62
494       31
495       31
496       31
497       93
498       62
499       62
500       62
501       62
502      155
503       62
504       31
505       62
506       31
507       31
508       62
509       62
510       62
511       62
512       62
513       31
514       31
515       62
516       31
517       31
518       62
519       62
520      155
521       62
522       31
523       93
524       93
525       31
526       31
527       62
528       31
529       31
530       62
531       62
532      155
533       62
534       62
535       62
536       62
537       62
538       62
539       62
540       93
541       31
542       31
543       62
544       31
545       31
546       31
547       62
548       31
549       31
550       31
551       62
552       31
553       62
554       62
555       31
556       31
557       31
558       31
559      124
560       62
561       31
562       62
563       62
564       93
565       31
566       31
567       62
568       31
569       93
570       62
571       62
572       62
573       93
574       31
575      155
576       31
577       31
578      124
579       31
580       31
581       31
582     1581
583       31
584       31
585       31
586       31
587       31
588       31
589       31
590       31
591       31
592       31
593       31
594       31
595       31
596       31
597       31
598       31
599       31
600       31
601       31
602       31
603       31
604       31
605       31
606       31
607       31
608       31
609       31
610       31
611       31
612       31
613       31
614       31
615       93
616       62
617       31
618       31
619       31
620       31
621       31
622       62
623       62
624       93
625       62
626       62
627       31
628       31
629       31
630       31
631       93
632       31
633       31
634       93
635       93
636       62
637       62
638       31
639       31
640      124
641       62
642       31
643       31
644       31
645       31
646       31
647       31
648       93
649       31
650       93
651       62
652       62
653      124
654       31
655       62
656       31
657       62
658       31
659       62
660      124
661       62
662       62
663       62
664       31
665       93
666       31
667       31
668       93
669       93
670       62
671       62
672       62
673       31
674       31
675       62
676       31
677       31
678       31
679       62
680       62
681       93
682       62
683       62
684      186
685       31
686       31
687       62
688       31
689       31
690       31
691       93
692       62
693       62
694       62
695       62
696      155
697       62
698       31
699       62
700       31
701       31
702       62
703       62
704       62
705       62
706       62
707       31
708       31
709       62
710       31
711       31
712       62
713       62
714      155
715       62
716       31
717       93
718       93
719       31
720       31
721       62
722       31
723       31
724       62
725       62
726      155
727       62
728       62
729       62
730       62
731       62
732       62
733       62
734       93
735       31
736       31
737       62
738       31
739       31
740       31
741       62
742       31
743       31
744       31
745       62
746       31
747       62
748       62
749       31
750       31
751       31
752       31
753      124
754       62
755       31
756       62
757       62
758       93
759       31
760       31
761       62
762       31
763       93
764       62
765       62
766       62
767       93
768       31
769      155
770       31
771       31
772      124
773       31
774       31
775       31
776     1581
777       31
778       31
779       31
780       31
781       31
782       31
783       31
784       31
785       31
786       31
787       31
788       31
789       31
790       31
791       31
792       31
793       31
794       31
795       31
796       31
797       31
798       31
799       31
800       31
801       31
802       31
803       31
804       31
805       31
806       31
807       31
808       31
809       93
810       62
811       31
812       31
813       31
814       31
815       31
816       62
817       62
818       93
819       62
820       62
821       31
822       31
823       31
824       31
825       93
826       31
827       31
828       93
829       93
830       62
831       62
832       31
833       31
834      124
835       62
836       31
837       31
838       31
839       31
840       31
841       31
842       93
843       31
844       93
845       62
846       62
847      124
848       31
849       62
850       31
851       62
852       31
853       62
854      124
855       62
856       62
857       62
858       31
859       93
860       31
861       31
862       93
863       93
864       62
865       62
866       62
867       31
868       31
869       62
870       31
871       31
872       31
873       62
874       62
875       93
876       62
877       62
878      186
879       31
880       31
881       62
882       31
883       31
884       31
885       93
886       62
887       62
888       62
889       62
890      155
891       62
892       31
893       62
894       31
895       31
896       62
897       62
898       62
899       62
900       62
901       31
902       31
903       62
904       31
905       31
906       62
907       62
908      155
909       62
910       31
911       93
912       93
913       31
914       31
915       62
916       31
917       31
918       62
919       62
920      155
921       62
922       62
923       62
924       62
925       62
926       62
927       62
928       93
929       31
930       31
931       62
932       31
933       31
934       31
935       62
936       31
937       31
938       31
939       62
940       31
941       62
942       62
943       31
944       31
945       31
946       31
947      124
948       62
949       31
950       62
951       62
952       93
953       31
954       31
955       62
956       31
957       93
958       62
959       62
960       62
961       93
962       31
963      155
964       31
965       31
966      124
967       31
968       31
969       31
970     1581
971       31
972       31
973       31
974       31
975       31
976       31
977       31
978       31
979       31
980       31
981       31
982       31
983       31
984       31
985       31
986       31
987       31
988       31
989       31
990       31
991       31
992       31
993       31
994       31
995       31
996       31
997       31
998       31
999       31
1000      31
1001      31
1002      31
1003      93
1004      62
1005      31
1006      31
1007      31
1008      31
1009      31
1010      62
1011      62
1012      93
1013      62
1014      62
1015      31
1016      31
1017      31
1018      31
1019      93
1020      31
1021      31
1022      93
1023      93
1024      62
1025      62
1026      31
1027      31
1028     124
1029      62
1030      31
1031      31
1032      31
1033      31
1034      31
1035      31
1036      93
1037      31
1038      93
1039      62
1040      62
1041     124
1042      31
1043      62
1044      31
1045      62
1046      31
1047      62
1048     124
1049      62
1050      62
1051      62
1052      31
1053      93
1054      31
1055      31
1056      93
1057      93
1058      62
1059      62
1060      62
1061      31
1062      31
1063      62
1064      31
1065      31
1066      31
1067      62
1068      62
1069      93
1070      62
1071      62
1072     186
1073      31
1074      31
1075      62
1076      31
1077      31
1078      31
1079      93
1080      62
1081      62
1082      62
1083      62
1084     155
1085      62
1086      31
1087      62
1088      31
1089      31
1090      62
1091      62
1092      62
1093      62
1094      62
1095      31
1096      31
1097      62
1098      31
1099      31
1100      62
1101      62
1102     155
1103      62
1104      31
1105      93
1106      93
1107      31
1108      31
1109      62
1110      31
1111      31
1112      62
1113      62
1114     155
1115      62
1116      62
1117      62
1118      62
1119      62
1120      62
1121      62
1122      93
1123      31
1124      31
1125      62
1126      31
1127      31
1128      31
1129      62
1130      31
1131      31
1132      31
1133      62
1134      31
1135      62
1136      62
1137      31
1138      31
1139      31
1140      31
1141     124
1142      62
1143      31
1144      62
1145      62
1146      93
1147      31
1148      31
1149      62
1150      31
1151      93
1152      62
1153      62
1154      62
1155      93
1156      31
1157     155
1158      31
1159      31
1160     124
1161      31
1162      31
1163      31
1164    1581
1165      31
1166      31
1167      31
1168      31
1169      31
1170      31
1171      31
1172      31
1173      31
1174      31
1175      31
1176      31
1177      31
1178      31
1179      31
1180      31
1181      31
1182      31
1183      31
1184      31
1185      31
1186      31
1187      31
1188      31
1189      31
1190      31
1191      31
1192      31
1193      31
1194      31
1195      31
1196      31
1197      93
1198      62
1199      31
1200      31
1201      31
1202      31
1203      31
1204      62
1205      62
1206      93
1207      62
1208      62
1209      31
1210      31
1211      31
1212      31
1213      93
1214      31
1215      31
1216      93
1217      93
1218      62
1219      62
1220      31
1221      31
1222     124
1223      62
1224      31
1225      31
1226      31
1227      31
1228      31
1229      31
1230      93
1231      31
1232      93
1233      62
1234      62
1235     124
1236      31
1237      62
1238      31
1239      62
1240      31
1241      62
1242     124
1243      62
1244      62
1245      62
1246      31
1247      93
1248      31
1249      31
1250      93
1251      93
1252      62
1253      62
1254      62
1255      31
1256      31
1257      62
1258      31
1259      31
1260      31
1261      62
1262      62
1263      93
1264      62
1265      62
1266     186
1267      31
1268      31
1269      62
1270      31
1271      31
1272      31
1273      93
1274      62
1275      62
1276      62
1277      62
1278     155
1279      62
1280      31
1281      62
1282      31
1283      31
1284      62
1285      62
1286      62
1287      62
1288      62
1289      31
1290      31
1291      62
1292      31
1293      31
1294      62
1295      62
1296     155
1297      62
1298      31
1299      93
1300      93
1301      31
1302      31
1303      62
1304      31
1305      31
1306      62
1307      62
1308     155
1309      62
1310      62
1311      62
1312      62
1313      62
1314      62
1315      62
1316      93
1317      31
1318      31
1319      62
1320      31
1321      31
1322      31
1323      62
1324      31
1325      31
1326      31
1327      62
1328      31
1329      62
1330      62
1331      31
1332      31
1333      31
1334      31
1335     124
1336      62
1337      31
1338      62
1339      62
1340      93
1341      31
1342      31
1343      62
1344      31
1345      93
1346      62
1347      62
1348      62
1349      93
1350      31
1351     155
1352      31
1353      31
1354     124
1355      31
1356      31
1357      31
1358    1581
1359      31
1360      31
1361      31
1362      31
1363      31
1364      31
1365      31
1366      31
1367      31
1368      31
1369      31
1370      31
1371      31
1372      31
1373      31
1374      31
1375      31
1376      31
1377      31
1378      31
1379      31
1380      31
1381      31
1382      31
1383      31
1384      31
1385      31
1386      31
1387      31
1388      31
1389      31
1390      31
1391      93
1392      62
1393      31
1394      31
1395      31
1396      31
1397      31
1398      62
1399      62
1400      93
1401      62
1402      62
1403      31
1404      31
1405      31
1406      31
1407      93
1408      31
1409      31
1410      93
1411      93
1412      62
1413      62
1414      31
1415      31
1416     124
1417      62
1418      31
1419      31
1420      31
1421      31
1422      31
1423      31
1424      93
1425      31
1426      93
1427      62
1428      62
1429     124
1430      31
1431      62
1432      31
1433      62
1434      31
1435      62
1436     124
1437      62
1438      62
1439      62
1440      31
1441      93
1442      31
1443      31
1444      93
1445      93
1446      62
1447      62
1448      62
1449      31
1450      31
1451      62
1452      31
1453      31
1454      31
1455      62
1456      62
1457      93
1458      62
1459      62
1460     186
1461      31
1462      31
1463      62
1464      31
1465      31
1466      31
1467      93
1468      62
1469      62
1470      62
1471      62
1472     155
1473      62
1474      31
1475      62
1476      31
1477      31
1478      62
1479      62
1480      62
1481      62
1482      62
1483      31
1484      31
1485      62
1486      31
1487      31
1488      62
1489      62
1490     155
1491      62
1492      31
1493      93
1494      93
1495      31
1496      31
1497      62
1498      31
1499      31
1500      62
1501      62
1502     155
1503      62
1504      62
1505      62
1506      62
1507      62
1508      62
1509      62
1510      93
1511      31
1512      31
1513      62
1514      31
1515      31
1516      31
1517      62
1518      31
1519      31
1520      31
1521      62
1522      31
1523      62
1524      62
1525      31
1526      31
1527      31
1528      31
1529     124
1530      62
1531      31
1532      62
1533      62
1534      93
1535      31
1536      31
1537      62
1538      31
1539      93
1540      62
1541      62
1542      62
1543      93
1544      31
1545     155
1546      31
1547      31
1548     124
1549      31
1550      31
1551      31
1552    1581
1553      31
1554      31
1555      31
1556      31
1557      31
1558      31
1559      31
1560      31
1561      31
1562      31
1563      31
1564      31
1565      31
1566      31
1567      31
1568      31
1569      31
1570      31
1571      31
1572      31
1573      31
1574      31
1575      31
1576      31
1577      31
1578      31
1579      31
1580      31
1581      31
1582      31
1583      31
1584      31
1585      93
1586      62
1587      31
1588      31
1589      31
1590      31
1591      31
1592      62
1593      62
1594      93
1595      62
1596      62
1597      31
1598      31
1599      31
1600      31
1601      93
1602      31
1603      31
1604      93
1605      93
1606      62
1607      62
1608      31
1609      31
1610     124
1611      62
1612      31
1613      31
1614      31
1615      31
1616      31
1617      31
1618      93
1619      31
1620      93
1621      62
1622      62
1623     124
1624      31
1625      62
1626      31
1627      62
1628      31
1629      62
1630     124
1631      62
1632      62
1633      62
1634      31
1635      93
1636      31
1637      31
1638      93
1639      93
1640      62
1641      62
1642      62
1643      31
1644      31
1645      62
1646      31
1647      31
1648      31
1649      62
1650      62
1651      93
1652      62
1653      62
1654     186
1655      31
1656      31
1657      62
1658      31
1659      31
1660      31
1661      93
1662      62
1663      62
1664      62
1665      62
1666     155
1667      62
1668      31
1669      62
1670      31
1671      31
1672      62
1673      62
1674      62
1675      62
1676      62
1677      31
1678      31
1679      62
1680      31
1681      31
1682      62
1683      62
1684     155
1685      62
1686      31
1687      93
1688      93
1689      31
1690      31
1691      62
1692      31
1693      31
1694      62
1695      62
1696     155
1697      62
1698      62
1699      62
1700      62
1701      62
1702      62
1703      62
1704      93
1705      31
1706      31
1707      62
1708      31
1709      31
1710      31
1711      62
1712      31
1713      31
1714      31
1715      62
1716      31
1717      62
1718      62
1719      31
1720      31
1721      31
1722      31
1723     124
1724      62
1725      31
1726      62
1727      62
1728      93
1729      31
1730      31
1731      62
1732      31
1733      93
1734      62
1735      62
1736      62
1737      93
1738      31
1739     155
1740      31
1741      31
1742     124
1743      31
1744      31
1745      31
1746    1581
1747      31
1748      31
1749      31
1750      31
1751      31
1752      31
1753      31
1754      31
1755      31
1756      31
1757      31
1758      31
1759      31
1760      31
1761      31
1762      31
1763      31
1764      31
1765      31
1766      31
1767      31
1768      31
1769      31
1770      31
1771      31
1772      31
1773      31
1774      31
1775      31
1776      31
1777      31
1778      31
1779      93
1780      62
1781      31
1782      31
1783      31
1784      31
1785      31
1786      62
1787      62
1788      93
1789      62
1790      62
1791      31
1792      31
1793      31
1794      31
1795      93
1796      31
1797      31
1798      93
1799      93
1800      62
1801      62
1802      31
1803      31
1804     124
1805      62
1806      31
1807      31
1808      31
1809      31
1810      31
1811      31
1812      93
1813      31
1814      93
1815      62
1816      62
1817     124
1818      31
1819      62
1820      31
1821      62
1822      31
1823      62
1824     124
1825      62
1826      62
1827      62
1828      31
1829      93
1830      31
1831      31
1832      93
1833      93
1834      62
1835      62
1836      62
1837      31
1838      31
1839      62
1840      31
1841      31
1842      31
1843      62
1844      62
1845      93
1846      62
1847      62
1848     186
1849      31
1850      31
1851      62
1852      31
1853      31
1854      31
1855      93
1856      62
1857      62
1858      62
1859      62
1860     155
1861      62
1862      31
1863      62
1864      31
1865      31
1866      62
1867      62
1868      62
1869      62
1870      62
1871      31
1872      31
1873      62
1874      31
1875      31
1876      62
1877      62
1878     155
1879      62
1880      31
1881      93
1882      93
1883      31
1884      31
1885      62
1886      31
1887      31
1888      62
1889      62
1890     155
1891      62
1892      62
1893      62
1894      62
1895      62
1896      62
1897      62
1898      93
1899      31
1900      31
1901      62
1902      31
1903      31
1904      31
1905      62
1906      31
1907      31
1908      31
1909      62
1910      31
1911      62
1912      62
1913      31
1914      31
1915      31
1916      31
1917     124
1918      62
1919      31
1920      62
1921      62
1922      93
1923      31
1924      31
1925      62
1926      31
1927      93
1928      62
1929      62
1930      62
1931      93
1932      31
1933     155
1934      31
1935      31
1936     124
1937      31
1938      31
1939      31
1940      31
